0.000000E+0 -7.906144E-4 -8.939249E-4 6.269798E-5
9.765625E-5 -9.095961E-4 -7.638277E-4 -2.011280E-5
1.953125E-4 -8.192697E-4 -5.599887E-4 -4.606841E-5
2.929687E-4 -8.896620E-4 -4.982374E-4 -1.739925E-4
3.906250E-4 -6.205516E-4 -7.437218E-5 -4.020312E-4
4.882812E-4 -5.183893E-4 2.062062E-4 -4.520884E-4
5.859375E-4 -3.595394E-4 1.984124E-4 -5.435511E-4
6.835937E-4 -2.411807E-4 -1.343248E-4 -4.786620E-4
7.812500E-4 -4.183964E-5 -8.424259E-6 -3.359061E-4
8.789062E-4 -1.165925E-4 2.553674E-4 -3.359061E-4
9.765625E-4 9.084675E-5 3.231139E-4 -1.301152E-4
1.074219E-3 3.462525E-4 1.846233E-4 3.118045E-5
1.171875E-3 -6.800315E-5 4.193597E-5 -1.471773E-3
1.269531E-3 -8.529085E-4 -5.240171E-4 -3.357264E-3
1.367187E-3 1.905173E-4 3.008393E-3 -4.305262E-3
1.464844E-3 -4.830385E-3 3.696050E-3 -4.425770E-3
1.562500E-3 -2.582815E-3 2.374094E-3 2.496964E-3
1.660156E-3 4.714936E-3 -9.385619E-3 1.231808E-2
1.757812E-3 7.685740E-3 -1.447080E-2 2.508700E-2
1.855469E-3 1.307106E-2 8.028828E-3 3.250598E-2
1.953125E-3 1.319129E-2 1.482566E-2 1.968453E-2
2.050781E-3 1.187938E-2 -1.793307E-2 -4.748979E-3
2.148437E-3 3.870851E-3 -4.463778E-2 -1.952514E-2
2.246094E-3 3.411744E-3 -2.321730E-2 -2.146687E-2
2.343750E-3 3.366892E-3 -2.538938E-2 -1.674480E-2
2.441406E-3 -8.352492E-3 -4.282481E-2 -1.489145E-2
2.539062E-3 -1.824417E-2 -1.837612E-2 -3.435939E-2
2.636719E-3 -3.253692E-2 -1.873943E-2 -5.945848E-2
2.734375E-3 -4.420211E-2 -3.614009E-2 -5.994298E-2
2.832031E-3 -2.572818E-2 1.132742E-2 -4.343706E-2
2.929687E-3 1.835704E-3 9.580671E-2 -2.517605E-2
3.027344E-3 9.380139E-3 1.293676E-1 -3.364679E-3
3.125000E-3 5.446268E-3 9.354169E-2 3.713170E-3
3.222656E-3 -1.757388E-2 3.563103E-2 -8.121973E-3
3.320312E-3 -3.780949E-2 -1.130890E-2 -4.682854E-3
3.417969E-3 -4.594385E-2 -4.912703E-2 4.474962E-2
3.515625E-3 -3.441883E-2 -5.760374E-2 1.205042E-1
3.613281E-3 -1.017023E-2 1.319375E-2 1.885864E-1
3.710937E-3 1.512988E-2 1.132625E-1 1.988623E-1
3.808594E-3 3.366112E-2 1.555777E-1 1.212414E-1
3.906250E-3 6.555195E-2 1.927861E-1 -2.470947E-2
4.003906E-3 7.072672E-2 2.445954E-1 -1.431005E-1
4.101562E-3 4.781496E-2 3.361371E-1 -1.426623E-1
4.199219E-3 4.281524E-2 4.283683E-1 -5.223354E-2
4.296875E-3 4.116569E-2 4.378588E-1 8.519959E-2
4.394531E-3 2.150381E-2 3.768923E-1 1.902228E-1
4.492187E-3 9.911508E-3 2.738919E-1 1.658863E-1
4.589844E-3 2.674710E-2 1.913832E-1 3.104258E-2
4.687500E-3 2.036695E-2 1.222176E-1 -1.001915E-1
4.785156E-3 1.783282E-2 1.002984E-1 -1.196563E-1
4.882812E-3 3.040688E-2 1.427568E-1 -3.657607E-3
4.980469E-3 2.143342E-2 1.893874E-1 1.544065E-1
5.078125E-3 -1.494570E-2 2.026525E-1 2.563299E-1
5.175781E-3 -5.976753E-2 1.279545E-1 2.172680E-1
5.273437E-3 -8.608491E-2 -3.736792E-2 5.854070E-2
5.371094E-3 -7.576340E-2 -1.694766E-1 -1.204418E-1
5.468750E-3 -3.533642E-2 -1.898449E-1 -1.916541E-1
5.566406E-3 2.818984E-2 -1.339001E-1 -1.023415E-1
5.664062E-3 6.692616E-2 -1.152170E-1 3.925135E-2
5.761719E-3 1.172996E-1 -1.686756E-1 1.063293E-1
5.859375E-3 1.475739E-1 -2.377944E-1 3.959619E-2
5.957031E-3 1.103320E-1 -2.199837E-1 -1.357297E-1
6.054687E-3 1.108887E-2 -1.418366E-1 -3.041483E-1
6.152344E-3 -1.502727E-1 -1.425848E-1 -3.809639E-1
6.250000E-3 -2.948205E-1 -2.269982E-1 -3.343501E-1
6.347656E-3 -3.951482E-1 -4.058885E-1 -1.861101E-1
6.445312E-3 -3.791823E-1 -6.158541E-1 -2.286229E-2
6.542969E-3 -2.436852E-1 -7.711464E-1 6.734522E-2
6.640625E-3 -7.503643E-2 -8.059004E-1 2.972441E-2
6.738281E-3 8.295629E-2 -7.534754E-1 -1.192021E-1
6.835937E-3 1.676445E-1 -7.059611E-1 -3.170037E-1
6.933594E-3 1.383307E-1 -6.277349E-1 -4.029897E-1
7.031250E-3 1.899523E-2 -5.254263E-1 -3.210911E-1
7.128906E-3 -1.564928E-1 -5.266307E-1 -9.720103E-2
7.226562E-3 -2.942885E-1 -6.269399E-1 1.521441E-1
7.324219E-3 -3.635452E-1 -7.191968E-1 2.401052E-1
7.421875E-3 -3.411411E-1 -7.483626E-1 1.235688E-1
7.519531E-3 -2.221246E-1 -7.515137E-1 -4.979433E-2
7.617187E-3 -1.013825E-1 -7.232844E-1 -1.354207E-1
7.714844E-3 -2.070790E-2 -6.262067E-1 -6.985617E-2
7.812500E-3 4.715464E-2 -4.091331E-1 1.143082E-1
7.910156E-3 3.564208E-2 -2.782283E-1 2.824363E-1
8.007812E-3 -3.641660E-2 -2.689620E-1 3.044658E-1
8.105469E-3 -4.982664E-2 -1.168244E-1 1.806032E-1
8.203125E-3 1.594282E-2 3.282045E-2 2.332017E-2
8.300781E-3 1.390970E-1 3.840384E-2 -3.301156E-2
8.398437E-3 2.578176E-1 3.197332E-2 7.014039E-2
8.496094E-3 3.653260E-1 1.927286E-1 2.436759E-1
8.593750E-3 4.360534E-1 4.066816E-1 3.521117E-1
8.691406E-3 4.271118E-1 4.765210E-1 3.320635E-1
8.789062E-3 3.686625E-1 3.720392E-1 2.333277E-1
8.886719E-3 3.441585E-1 2.566908E-1 1.361140E-1
8.984375E-3 3.642795E-1 2.326846E-1 1.558081E-1
9.082031E-3 3.774777E-1 2.360108E-1 2.803209E-1
9.179687E-3 3.662093E-1 3.353074E-1 4.566140E-1
9.277344E-3 3.091872E-1 4.897622E-1 5.619641E-1
9.375000E-3 2.431007E-1 4.909145E-1 4.897859E-1
9.472656E-3 1.842614E-1 4.213778E-1 3.002178E-1
9.570312E-3 1.669455E-1 3.765410E-1 1.227259E-1
9.667969E-3 2.145208E-1 3.311035E-1 5.993798E-2
9.765625E-3 2.608208E-1 3.253300E-1 1.023581E-1
9.863281E-3 2.851940E-1 4.390278E-1 1.722788E-1
9.960937E-3 2.708732E-1 6.018682E-1 1.554961E-1
1.005859E-2 1.986015E-1 6.142653E-1 4.711776E-2
1.015625E-2 9.329337E-2 5.876655E-1 -8.739908E-2
1.025391E-2 -7.535911E-2 5.500362E-1 -1.760035E-1
1.035156E-2 -2.262204E-1 4.179629E-1 -1.453561E-1
1.044922E-2 -3.430467E-1 1.655244E-1 -4.914668E-2
1.054687E-2 -4.042357E-1 -8.642206E-3 -6.708010E-5
1.064453E-2 -3.498536E-1 4.769770E-2 -5.423336E-2
1.074219E-2 -3.001791E-1 8.284974E-2 -2.144444E-1
1.083984E-2 -2.209690E-1 1.923137E-1 -3.693092E-1
1.093750E-2 -1.374875E-1 3.476504E-1 -4.322899E-1
1.103516E-2 -1.676665E-1 3.378931E-1 -3.822617E-1
1.113281E-2 -2.692887E-1 2.323111E-1 -2.509467E-1
1.123047E-2 -4.175486E-1 8.770231E-2 -1.684449E-1
1.132812E-2 -5.434499E-1 -8.706747E-2 -1.469907E-1
1.142578E-2 -6.209188E-1 -2.899125E-1 -1.660872E-1
1.152344E-2 -6.070895E-1 -4.207286E-1 -1.643575E-1
1.162109E-2 -4.950274E-1 -4.031510E-1 -1.402874E-1
1.171875E-2 -3.345374E-1 -2.251858E-1 -1.242258E-1
1.181641E-2 -1.219513E-1 -5.597303E-2 -1.350863E-1
1.191406E-2 3.429029E-2 7.889738E-3 -1.938474E-1
1.201172E-2 7.841630E-2 1.213136E-1 -2.612955E-1
1.210937E-2 8.567045E-2 2.180472E-1 -2.973454E-1
1.220703E-2 9.214965E-2 2.365366E-1 -2.854633E-1
1.230469E-2 5.916307E-2 2.326936E-1 -2.387049E-1
1.240234E-2 2.404479E-2 2.765963E-1 -1.965443E-1
1.250000E-2 2.568624E-2 2.954209E-1 -1.970473E-1
1.259766E-2 7.837145E-2 2.107611E-1 -1.930687E-1
1.269531E-2 2.212579E-1 1.094393E-1 -1.495362E-1
1.279297E-2 3.728823E-1 3.886967E-2 -3.635365E-2
1.289062E-2 5.404315E-1 1.825795E-2 9.979345E-2
1.298828E-2 7.227445E-1 -6.949115E-2 1.658950E-1
1.308594E-2 8.027301E-1 -1.900673E-1 1.598603E-1
1.318359E-2 7.684789E-1 -1.715641E-1 1.390569E-1
1.328125E-2 6.143054E-1 -8.107220E-2 9.901787E-2
1.337891E-2 4.042673E-1 -2.137735E-2 7.055197E-2
1.347656E-2 2.176087E-1 3.270294E-2 9.629562E-2
1.357422E-2 8.588972E-2 3.687565E-2 1.455031E-1
1.367187E-2 8.725023E-2 -6.499290E-2 1.535605E-1
1.376953E-2 2.185045E-1 -1.589723E-1 1.044259E-1
1.386719E-2 3.876528E-1 -2.052827E-1 2.615860E-2
1.396484E-2 4.666330E-1 -2.942692E-1 -1.187936E-2
1.406250E-2 4.341223E-1 -3.769146E-1 3.858640E-2
1.416016E-2 2.829091E-1 -4.673310E-1 1.662800E-1
1.425781E-2 5.661275E-2 -4.682938E-1 3.034449E-1
1.435547E-2 -1.628474E-1 -4.092099E-1 3.431613E-1
1.445312E-2 -3.390923E-1 -4.839852E-1 2.502409E-1
1.455078E-2 -3.590264E-1 -5.389048E-1 6.961139E-2
1.464844E-2 -2.446869E-1 -4.882622E-1 -9.678945E-2
1.474609E-2 -1.109745E-1 -3.497266E-1 -1.775269E-1
1.484375E-2 -3.786244E-2 -1.897112E-1 -1.303352E-1
1.494141E-2 -3.328009E-2 -2.881987E-2 1.128974E-2
1.503906E-2 -1.147346E-1 -7.644686E-2 1.589920E-1
1.513672E-2 -2.706915E-1 -3.878104E-1 1.956618E-1
1.523437E-2 -4.229725E-1 -7.191009E-1 1.483502E-1
